$ANSIBLE_VAULT;1.1;AES256
65383837633564646631343461346238666462353537666462636361303832363837653934356238
3139396265306532343865323234313633653436633930650a353366663532643765333263383734
30306334313033666133376662373665393531616166323831393730353232373932633865346364
6634626231646532300a643030626562336663383364653532303766376563616661373536623063
31646263613363323238626664396435313839393766643632623765366339333932356135663564
66616232333066663662323338653462656638356530326365656636373632376434666330313236
37663066316334663065363730353139383133623138303235613033366331653432356566373336
34343435653438323937306265643861393561333937613065316435316437323566666161343935
39616139653838323664636636653764353261353335376664396231653834613565633662346539
34316237663137613334386163643934616231386332636263663634326635323461666430313161
39353663633263323334646232313866383331386532336361373334666438633564356564663662
35623431306565376564666639336261386534323364333366613836326161363363306262633135
61313563373130653931376566643137336133613936666537313165633562373865626435396539
62373333376138323136383963613861613863323135316430336263336434623837353166623161
32633636303335343061376439616337353237616239336666336664333936336364653565363034
61303665623562613566393933356564613263366464373532373833366233633437356333316637
35353534326630633561313537303830336566366335363365353330373037343938353761663631
61353032333839623866353739316362373364373761376136396136363832316435616639376466
39396562663730313961646535666331383734393934333839363231336431373536653031303166
61323835393263663630353466623131323566663264353762373965653338366365356465393435
37333633363734323535356532623133323530393462343033333137633530623961393633386265
31643638356663363836363839663263666534613066333431643939616462353533626531356361
36316134666561613339376363623330383964616464396163616236386334303737333064656133
31646533316565356636
